100
0.000000 0.000000 
1.000000 0.090909 
2.000000 0.333333 
3.000000 0.692308 
4.000000 1.142857 
5.000000 1.666667 
6.000000 2.250000 
7.000000 2.882353 
8.000000 3.555556 
9.000000 4.263158 
10.000000 5.000000 
11.000000 5.761905 
12.000000 6.545455 
13.000000 7.347826 
14.000000 8.166667 
15.000000 9.000000 
16.000000 9.846154 
17.000000 10.703704 
18.000000 11.571429 
19.000000 12.448276 
20.000000 13.333333 
21.000000 14.225806 
22.000000 15.125000 
23.000000 16.030303 
24.000000 16.941176 
25.000000 17.857143 
26.000000 18.777778 
27.000000 19.702703 
28.000000 20.631579 
29.000000 21.564103 
30.000000 22.500000 
31.000000 23.439024 
32.000000 24.380952 
33.000000 25.325581 
34.000000 26.272727 
35.000000 27.222222 
36.000000 28.173913 
37.000000 29.127660 
38.000000 30.083333 
39.000000 31.040816 
40.000000 32.000000 
41.000000 32.960784 
42.000000 33.923077 
43.000000 34.886792 
44.000000 35.851852 
45.000000 36.818182 
46.000000 37.785714 
47.000000 38.754386 
48.000000 39.724138 
49.000000 40.694915 
50.000000 41.666667 
51.000000 42.639344 
52.000000 43.612903 
53.000000 44.587302 
54.000000 45.562500 
55.000000 46.538462 
56.000000 47.515152 
57.000000 48.492537 
58.000000 49.470588 
59.000000 50.449275 
60.000000 51.428571 
61.000000 52.408451 
62.000000 53.388889 
63.000000 54.369863 
64.000000 55.351351 
65.000000 56.333333 
66.000000 57.315789 
67.000000 58.298701 
68.000000 59.282051 
69.000000 60.265823 
70.000000 61.250000 
71.000000 62.234568 
72.000000 63.219512 
73.000000 64.204819 
74.000000 65.190476 
75.000000 66.176471 
76.000000 67.162791 
77.000000 68.149425 
78.000000 69.136364 
79.000000 70.123596 
80.000000 71.111111 
81.000000 72.098901 
82.000000 73.086957 
83.000000 74.075269 
84.000000 75.063830 
85.000000 76.052632 
86.000000 77.041667 
87.000000 78.030928 
88.000000 79.020408 
89.000000 80.010101 
90.000000 81.000000 
91.000000 81.990099 
92.000000 82.980392 
93.000000 83.970874 
94.000000 84.961538 
95.000000 85.952381 
96.000000 86.943396 
97.000000 87.934579 
98.000000 88.925926 
99.000000 89.917431 
